2022-03-0115-30: 6 1 1 1 3
2022-03-0117-35: 6 1 1 1 3
2022-03-0113-45: 6 1 1 1 0
2022-03-0113-50: 6 1 1 1 0
2022-03-0117-20: 6 1 1 1 3
2022-03-0115-25: 6 1 1 1 3
2022-03-0115-35: 6 1 1 1 3
2022-03-0117-30: 6 1 1 1 3
2022-03-0113-40: 6 1 1 1 0
2022-03-0113-55: 6 1 1 1 0
2022-03-0119-20: 6 1 1 1 6
2022-03-0117-25: 6 1 1 1 3
2022-03-0115-20: 6 1 1 1 2
2022-03-0116-15: 6 1 1 1 3
2022-03-0118-10: 6 1 1 1 3
2022-03-0115-50: 6 1 1 1 3
2022-03-0117-55: 6 1 1 1 3
2022-03-0114-10: 6 1 1 1 0
2022-03-0113-25: 6 1 1 1 0
2022-03-0113-30: 6 1 1 1 0
2022-03-0114-05: 6 1 1 1 0
2022-03-0117-40: 6 1 1 1 3
2022-03-0115-45: 6 1 1 1 3
2022-03-0118-05: 6 1 1 1 3
2022-03-0116-00: 6 1 1 1 3
2022-03-0118-15: 6 1 1 1 3
2022-03-0116-10: 6 1 1 1 3
2022-03-0115-55: 6 1 1 1 3
2022-03-0117-50: 6 1 1 1 3
2022-03-0113-20: 6 1 1 1 0
2022-03-0114-15: 6 1 1 1 0
2022-03-0114-00: 6 1 1 1 0
2022-03-0113-35: 6 1 1 1 0
2022-03-0117-45: 6 1 1 1 3
2022-03-0115-40: 6 1 1 1 3
2022-03-0116-05: 6 1 1 1 3
2022-03-0118-00: 6 1 1 1 3
2022-03-0116-20: 6 1 1 1 3
2022-03-0118-25: 6 1 1 1 4
2022-03-0112-50: 6 1 1 1 0
2022-03-0114-25: 6 1 1 1 0
2022-03-0113-10: 6 1 1 1 0
2022-03-0113-05: 6 1 1 1 0
2022-03-0114-30: 6 1 1 1 0
2022-03-0112-45: 6 1 1 1 0
2022-03-0118-30: 6 1 1 1 4
2022-03-0116-35: 6 1 1 1 3
2022-03-0118-20: 6 1 1 1 3
2022-03-0116-25: 6 1 1 1 3
2022-03-0112-55: 6 1 1 1 0
2022-03-0113-15: 6 1 1 1 0
2022-03-0114-20: 6 1 1 1 0
2022-03-0112-30: 6 1 1 1 0
2022-03-0112-35: 6 1 1 1 0
2022-03-0112-40: 6 1 1 1 0
2022-03-0112-45: 6 1 1 1 0
2022-03-0112-50: 6 1 1 1 0
2022-03-0112-55: 6 1 1 1 0
2022-03-0113-00: 6 1 1 1 0
